.Random.seed <-
c(403L, 10L, -815980148L, 781420239L, 1998084741L, 1955655996L, 
512023570L, -780045555L, 1188003911L, 1991242286L, -477512824L, 
-979675509L, 54552681L, 1509487672L, 1839264998L, -1414775679L, 
-918168557L, 1479752642L, 1721599092L, -988038537L, -1194499219L, 
-228477948L, -346394838L, -956863339L, 1444571951L, -1809647050L, 
201424480L, -1892918109L, 1351333825L, -1539538000L, -1957239090L, 
1612739641L, 1090374219L, 435986426L, 627342076L, -1795403969L, 
-348135403L, 1478996780L, -456435710L, 543220445L, 380013015L, 
-1965275970L, -1247854856L, -2030195493L, 410660665L, 1590233736L, 
-903320010L, 1248009841L, 939474083L, 500725234L, 442643780L, 
368178695L, -1580878883L, -2014569260L, 1048511482L, 55669573L, 
-1770477665L, 1981574438L, -1562167888L, 1267658323L, 1488972145L, 
572719264L, 1018744894L, -252938423L, 1456201211L, -430046774L, 
-618713300L, 1675038511L, -1831404059L, 330088604L, 336192754L, 
553917805L, -819729753L, 746554574L, -2071516632L, 1144781355L, 
-1311158199L, 1616646488L, 2004142086L, -1961903647L, 1176093555L, 
991238114L, 1386823508L, -1758793129L, 1854120525L, 131155428L, 
-43769910L, 149234229L, -1160599409L, 1966397846L, 516252992L, 
827914243L, 557017633L, 1703898384L, 595960558L, -790118759L, 
-1969225941L, -1723500006L, -630626084L, 871867615L, 1410605749L, 
1164112972L, -523286366L, -1193801731L, 343373047L, -1818779106L, 
266837208L, -179937221L, 1259088345L, -1618227352L, -1744502122L, 
1266830353L, -223568445L, 118432210L, 492677220L, -2003531865L, 
702220541L, -841229068L, 413088730L, 3936037L, 424957503L, -956228154L, 
-116770224L, -1279314317L, 61029009L, -1074822464L, 1266361502L, 
810092649L, -1138858853L, -1988764246L, 1807945164L, -783474545L, 
1398431941L, 957616252L, 1184541906L, -1174715315L, -1090300665L, 
944978158L, 726964680L, 2077064907L, 163933993L, -20220040L, 
412109990L, -1292656959L, 185030483L, -216624126L, 1595978036L, 
982260407L, 1063012013L, 1328170948L, 1733046250L, 1134162005L, 
-520663569L, -1264658954L, -607390944L, -1811272477L, 616311169L, 
-2050121744L, -1346584946L, -1563360775L, 1978796939L, -726448198L, 
1597015740L, -1994678785L, 52452181L, -1959768980L, -659052350L, 
-654116067L, -1422102121L, 308357374L, 1206270648L, 852624539L, 
1590362873L, -987872184L, -1213520010L, -1754996047L, 1644720867L, 
-2052460110L, 502743556L, 1279113543L, -1920580579L, 1209465492L, 
-982355398L, -1653408635L, -195616417L, -871861786L, -1532551056L, 
2103796627L, 810034225L, 2129046240L, 639773566L, -519527927L, 
16099899L, -981814262L, -693564436L, 716628079L, -254607451L, 
-2069657764L, 1404668722L, 1926263341L, 1212539111L, 1623921166L, 
969617384L, 1680331243L, 2065638025L, -704505320L, 1898729798L, 
-25895007L, -15166925L, 1242623906L, -1665733996L, 1144365335L, 
699744013L, -1221413340L, 1528208906L, 1931061109L, 1956917967L, 
1307608534L, -1039644288L, -1685749309L, 1148163937L, -1371460144L, 
1060085038L, 708848857L, -947001621L, 1917977434L, -1100327652L, 
-1570102241L, 630876277L, -133039020L, -97342488L, 482985210L, 
-1208017072L, 500018988L, 123776372L, 1107103634L, -885474208L, 
-1860958836L, 1416149856L, 1366926818L, -709565528L, 107507916L, 
1893039100L, -12791374L, -747004432L, 933130180L, 584622424L, 
-200735366L, 1944252336L, -986638916L, 1142887508L, 1397893058L, 
1049684000L, 92498108L, 420845136L, 930361314L, 1740482664L, 
-749805492L, -214231812L, 1668593650L, -289325824L, 569677172L, 
2117421064L, -346000454L, -73980464L, -515731476L, -1104237164L, 
2026723794L, 641605984L, -616555700L, 481970464L, 444901250L, 
-591509784L, -2009403156L, -1430263748L, 1792757618L, -1489789328L, 
1047747620L, -1588459720L, -1483139942L, 756228816L, 1076168892L, 
-777365868L, -740934014L, -1398748992L, -748593348L, -1109249904L, 
597685794L, -1568080888L, 598023436L, 1386093724L, 1866510866L, 
1712767872L, -367135212L, -2024245720L, -435954374L, -2003708464L, 
2012770412L, -644700876L, -1247690094L, -1425090720L, -1088532660L, 
-1269624864L, -1149989982L, -2078561368L, 311155084L, 1621623996L, 
1095119218L, -1694338832L, 1726709828L, 840207704L, 1052844602L, 
-1193009296L, -1818104772L, -466597100L, -1167764030L, -2075928864L, 
880079740L, -1555950896L, 1197626530L, -1321637848L, 1163806988L, 
2098680764L, -1354988238L, 1803076032L, -865603020L, -393689144L, 
929719482L, -942564976L, -60562964L, 100286036L, 2096557202L, 
1450588960L, 1751114188L, 107281888L, 505409218L, 1871622184L, 
-79896916L, -751521604L, -384100878L, -770433744L, 1801340068L, 
1903583928L, 1041955162L, 1172935056L, 1346637692L, -1259394796L, 
1864642370L, 1504710400L, -2014207044L, 2055256912L, 201183010L, 
449897800L, 780486156L, -1828069284L, -1924925230L, 894678528L, 
685979988L, 273171944L, 1610441722L, -1069912880L, 92125484L, 
1390114548L, -2072676974L, -1668341664L, 326956300L, -1871920416L, 
976823650L, 1557891752L, 67023436L, 1917136252L, 1303404850L, 
1321491568L, 216023876L, -205162024L, 1333443706L, -1830273488L, 
210363068L, -54949036L, -1944895422L, 963369376L, -175667524L, 
1741522384L, 44658018L, 1152360424L, -2037542964L, 385841916L, 
1505222130L, 468849792L, 1653809396L, 1104601736L, 364577594L, 
74092368L, -1686408596L, 215595156L, -1755860654L, -793655584L, 
540217036L, -972926816L, 1106798466L, 1641838312L, -236888340L, 
84303932L, 417500786L, 1160895600L, 1880265252L, -376684488L, 
-1623468006L, -1344862512L, -1983656900L, 729494676L, -2075551614L, 
82366400L, -1976104644L, -524796272L, 1510475810L, -1537386488L, 
889355404L, 894411804L, 723354258L, 131080320L, -1750211564L, 
-224030424L, -1116358086L, 1857152208L, 254835820L, -1196417356L, 
1915459602L, -430706720L, 1583479756L, -107293216L, 261765666L, 
646628648L, 1079254284L, 1644344892L, -809088782L, -582375696L, 
-966234300L, -1947097512L, 929360442L, 1160285936L, 769497276L, 
-592410092L, 1720208578L, -622023584L, -1447363204L, 80382160L, 
566508578L, 975443624L, 592989068L, -885553732L, -1940032462L, 
-888590528L, -2133179212L, 250167112L, 25993914L, 2017633864L, 
-1636251674L, -2031990509L, -42641803L, -77763502L, 1509287584L, 
-2033269879L, -58335301L, 747282444L, 1422708122L, -590942961L, 
-1297468583L, -1436922386L, 1472358524L, 1791786221L, -891929705L, 
-1928027040L, 702875198L, 1682214667L, 419149197L, 992411322L, 
62852344L, -545592671L, 1907567187L, -293710476L, 1257650946L, 
-2079560809L, 1245101409L, 1463557542L, -316006492L, -957511083L, 
-1661674753L, -1592942696L, 957313206L, 1163384131L, -1134816123L, 
952560930L, -1750190576L, -1096559175L, 882271851L, 1093654876L, 
1908453514L, -1604478849L, -24602167L, 1599347294L, -29060852L, 
-1201371939L, -913272345L, -930166256L, -530077906L, 1874455515L, 
904031421L, -779489750L, -873594168L, 1602402289L, -271271581L, 
365865316L, -470946670L, -965344921L, -634694863L, -1600153482L, 
772653460L, -1746836059L, 1346789039L, 11339624L, -1059247290L, 
401804019L, -609426347L, -604395470L, -1026923008L, 1201178345L, 
-31517349L, 1850111916L, -202056774L, 435922287L, -391598343L, 
-328058994L, 2086646364L, -439856947L, -168140745L, -106579264L, 
1472888222L, -246460821L, -953924115L, 1721160794L, -1782897896L, 
1268451457L, -1054183885L, -2120027052L, -689278878L, -102304009L, 
-341898943L, -138301498L, 1353962756L, 1484459189L, 2143955871L, 
115655672L, -1780539946L, -1041636253L, -734146523L, 415328194L, 
2029255856L, -2023425831L, 582217291L, -1829108548L, 1924397802L, 
-981370081L, 2022831017L, 1069806910L, -29131732L, 2062662269L, 
-2081508153L, -133934672L, 756284366L, -661739269L, 1283190621L, 
-1866445686L, -443647320L, -1715468783L, 612341507L, 1057944068L, 
1373239858L, -1831327097L, 500158161L, -1018668970L, -1448679372L, 
2108967749L, 586905999L, -1515392760L, 1184230182L, -960060461L, 
-1226959563L, -713149294L, 530902112L, 2044824009L, -1860198149L, 
-1179803956L, -1596435622L, -561465777L, 618402585L, -2140992210L, 
413308732L, -822233939L, 976389975L, -1742894432L, -1372527618L, 
-2032905525L, -191134515L, -206977030L, -821322696L, 488820193L, 
